loss: -0.843207836151123
val_loss: -0.871337890625
