loss: -0.9478357434272766
val_loss: -0.9548129439353943
