loss: -0.9144182205200195
val_loss: -0.9519444108009338
