loss: -0.843965470790863
val_loss: -0.8793509006500244
