loss: -0.9482529759407043
val_loss: -0.9862779974937439
