loss: -1.0220075845718384
val_loss: -1.0632084608078003
