loss: -0.864657461643219
val_loss: -0.9061662554740906
