loss: -1.0558010339736938
val_loss: -1.0942988395690918
