loss: -0.9482412934303284
val_loss: -0.9862567186355591
