loss: -0.8389080762863159
val_loss: -0.8617546558380127
