loss: -0.9353184700012207
val_loss: -0.9543350338935852
