loss: -0.9482428431510925
val_loss: -0.9862580299377441
