loss: -0.9667245149612427
val_loss: -0.9749011993408203
