loss: -1.4227488040924072
val_loss: -1.4260189533233643
