loss: -1.0545119047164917
val_loss: -1.088183879852295
