loss: -0.8145940899848938
val_loss: -0.8566501140594482
