loss: -1.5018854141235352
val_loss: -1.5433142185211182
