loss: -0.9482411742210388
val_loss: -0.9862565398216248
