loss: -0.8239167332649231
val_loss: -0.8506865501403809
