loss: -0.9337038993835449
val_loss: -0.9322347044944763
