loss: -0.933275043964386
val_loss: -0.9305760860443115
