loss: -0.8797889947891235
val_loss: -0.9052213430404663
