loss: -1.4236043691635132
val_loss: -1.4283888339996338
