loss: -0.9176345467567444
val_loss: -0.9264964461326599
