loss: -0.37850672006607056
val_loss: -0.4128243327140808
